44 62
629 643 113 726 16 762 337 501 636 870 730 493 586 318 886 618 667 505 333 622 24 894 354 921 363 450 536 389 735 351 860 363 995 663 780 701 424 116 892 750 676 621 933 953 940 819 570 606 323 594 918 37 177 962 648 540 411 184 620 836 225 169 
890 219 832 669 610 946 475 502 696 151 122 318 103 752 136 363 47 149 647 965 877 824 616 525 54 718 399 674 553 314 843 442 534 364 801 834 309 276 335 695 117 148 13 911 900 840 273 948 680 611 602 246 434 218 771 488 936 860 852 178 174 384 
311 398 748 111 231 748 387 257 132 194 95 145 104 995 676 68 632 355 679 925 291 803 142 753 291 768 612 833 636 476 217 947 564 655 58 486 92 135 743 225 330 528 60 434 212 426 502 845 471 180 769 763 984 601 515 965 58 817 797 694 293 704 
641 547 49 389 32 141 524 465 56 854 993 808 288 205 233 790 49 705 661 508 157 334 799 672 989 547 178 475 240 471 179 571 18 919 960 741 750 484 206 807 337 198 614 315 403 537 796 142 932 456 340 88 480 829 760 468 375 629 633 306 99 502 
877 808 420 527 239 170 701 445 667 728 643 971 43 737 507 839 569 439 985 910 217 464 428 668 622 804 296 254 109 85 447 676 584 867 893 823 727 593 267 393 321 600 53 54 26 561 893 596 690 567 195 597 721 623 264 342 116 560 286 225 646 733 
592 920 290 484 742 16 768 699 100 88 298 153 142 325 404 725 611 784 291 496 381 11 118 645 43 235 896 19 150 231 443 432 150 733 917 892 439 684 590 229 462 578 383 294 593 477 709 894 261 1000 389 332 701 198 977 434 123 562 453 273 483 586 
706 633 8 312 214 138 686 494 367 147 763 440 131 355 918 840 249 869 529 328 200 229 526 867 353 649 119 496 613 602 82 8 926 90 320 139 919 696 324 286 533 86 726 664 441 333 503 380 892 722 399 91 641 925 649 994 264 768 489 877 59 261 
575 985 42 585 124 961 280 448 937 813 224 663 166 665 686 359 736 268 80 134 49 721 749 698 404 12 155 893 579 215 845 153 890 577 738 13 537 708 151 474 520 65 827 686 421 202 735 156 470 815 981 520 535 729 908 629 432 63 522 10 969 56 
855 858 633 592 562 860 300 403 23 510 469 850 887 580 743 621 736 212 126 406 422 351 825 330 981 256 83 192 958 742 248 812 599 571 93 851 430 83 945 454 284 103 994 170 683 736 481 108 639 607 514 60 959 28 80 939 976 163 130 933 595 68 
434 885 639 217 735 759 301 369 212 275 472 206 445 845 632 616 953 270 223 156 21 872 876 792 500 851 646 320 473 240 388 907 124 717 814 550 475 805 919 378 79 81 274 214 926 906 831 569 867 744 415 888 615 290 679 805 140 14 124 303 255 202 
209 379 919 23 929 83 828 538 461 598 619 735 812 234 331 642 493 197 75 599 775 380 889 143 184 720 158 308 22 413 200 923 482 118 636 101 893 153 639 353 751 948 779 563 872 109 895 365 997 971 654 461 350 542 604 225 952 452 223 665 555 424 
277 37 232 913 138 124 756 777 168 507 414 947 760 285 746 344 340 432 4 994 893 45 226 186 270 868 639 493 532 193 917 499 230 149 101 58 964 858 525 131 54 939 768 504 224 203 538 254 635 543 248 217 588 474 404 548 341 42 40 564 926 648 
753 847 487 855 905 140 402 430 272 456 368 730 650 282 934 187 537 258 730 785 476 7 949 880 555 980 612 286 233 227 624 677 73 801 531 979 941 623 98 903 769 156 633 418 439 566 605 666 514 25 140 990 723 779 559 969 758 861 945 682 88 258 
358 852 58 579 520 689 201 618 592 970 465 224 387 904 480 682 259 994 397 399 674 811 177 232 779 625 784 413 306 562 671 354 413 729 933 934 107 133 241 699 102 706 613 489 299 92 862 558 777 258 647 450 68 514 372 537 139 155 950 135 717 620 
490 821 38 422 754 146 556 685 535 348 391 148 528 380 931 389 629 707 337 275 847 96 480 219 633 619 64 273 444 472 583 934 292 312 46 45 148 292 420 683 640 811 521 167 882 452 246 510 849 584 475 386 680 955 295 2 263 359 275 708 521 549 
331 813 861 377 548 8 359 969 691 690 469 903 547 350 354 794 860 893 67 335 278 747 980 573 439 243 623 405 641 143 954 972 647 814 39 194 822 88 162 202 778 632 104 325 672 148 118 532 41 185 557 9 622 536 273 751 469 586 155 109 729 108 
772 375 612 501 260 433 589 422 326 367 744 430 382 416 269 500 638 0 375 194 700 687 420 973 437 580 558 593 379 978 391 841 42 3 341 302 126 931 415 452 988 849 573 369 955 842 559 592 532 624 476 231 310 587 895 747 166 142 29 235 119 421 
76 853 424 417 845 550 37 950 693 715 799 265 83 753 797 332 35 328 956 511 249 265 97 143 703 954 286 732 189 95 152 265 638 576 372 483 817 100 122 509 815 921 464 589 364 260 611 399 278 567 600 527 522 388 361 224 341 337 647 220 122 799 
175 761 65 548 934 572 338 55 80 843 667 544 431 721 494 42 810 462 299 409 679 511 487 39 426 829 66 72 48 189 561 915 950 316 152 573 888 490 628 658 332 985 892 454 395 385 496 204 847 485 304 526 996 791 255 111 309 322 183 48 511 745 
963 150 751 114 723 639 604 40 296 626 716 188 79 110 263 265 5 801 750 309 16 436 790 271 547 99 283 421 838 794 856 800 944 606 914 356 244 207 397 231 833 112 109 603 913 372 868 918 863 308 226 879 434 707 150 981 806 433 91 333 918 947 
132 551 553 736 908 797 633 995 27 155 106 827 758 18 199 626 627 61 624 853 631 57 249 781 728 745 904 820 77 511 766 209 62 318 635 970 806 267 654 523 423 760 350 871 468 549 186 94 300 810 638 931 867 887 401 595 632 996 414 399 506 179 
609 568 188 243 227 994 201 881 516 314 330 866 184 489 104 371 273 95 180 601 25 738 178 117 332 810 112 436 899 618 615 507 877 803 441 794 486 332 675 2 646 695 868 830 183 663 200 457 758 71 57 473 809 235 590 140 735 392 266 634 701 881 
831 267 374 962 60 550 293 735 552 939 430 110 769 613 773 659 760 220 730 508 693 228 433 974 58 168 365 324 492 756 896 12 22 960 975 83 509 267 508 61 206 938 862 665 241 324 323 691 544 744 198 927 662 632 900 721 490 956 735 672 711 630 
684 734 589 348 507 789 616 14 540 512 643 401 176 884 415 189 264 959 623 463 885 285 785 475 696 965 430 430 636 140 751 9 564 29 358 761 818 664 776 357 175 418 448 41 992 863 921 255 511 544 408 396 519 192 871 905 847 991 334 172 821 775 
182 75 805 230 836 622 584 611 670 449 719 808 490 710 361 100 656 872 644 63 958 853 947 518 447 793 508 472 966 329 246 838 94 50 758 930 363 341 231 723 480 950 530 660 350 891 760 5 763 94 759 720 947 705 929 394 498 436 866 153 455 802 
991 549 853 438 169 215 469 400 628 949 39 157 608 79 48 367 775 501 461 534 911 98 929 839 182 426 966 738 269 420 539 950 660 391 387 829 296 856 228 924 494 958 772 101 37 820 159 812 10 310 345 921 408 274 760 280 390 725 17 350 835 557 
299 494 638 377 12 625 232 240 238 417 198 9 518 926 519 367 737 529 678 82 140 776 46 590 56 126 314 73 476 839 320 776 23 649 152 35 273 74 276 201 491 164 902 700 89 420 66 516 640 434 288 470 210 334 59 266 461 63 29 627 902 40 
402 925 689 244 961 652 9 927 543 500 781 444 890 560 555 957 75 885 80 364 354 290 698 413 556 849 476 276 476 377 316 568 993 695 503 953 346 512 569 579 702 349 23 282 909 578 929 984 462 8 347 816 299 736 919 545 274 394 511 440 461 827 
8 453 211 201 95 247 403 354 827 795 703 850 76 611 117 695 285 579 704 322 84 2 57 2 237 22 86 749 462 237 265 160 381 477 361 476 724 454 831 240 249 223 89 15 525 206 711 500 475 414 822 249 106 570 942 33 592 718 782 53 956 738 
214 336 214 265 502 628 410 22 869 659 246 648 364 461 545 765 961 710 869 782 960 975 351 591 699 633 309 480 377 264 908 281 290 812 546 792 440 956 815 999 304 751 336 359 211 881 123 171 591 993 643 240 657 685 521 355 317 520 526 694 474 433 
975 764 245 211 556 375 857 60 63 852 811 399 901 21 971 23 192 561 706 835 491 363 519 702 408 527 222 934 911 696 57 886 150 993 787 706 367 333 766 430 184 266 519 84 287 489 799 169 740 504 694 921 557 904 623 656 120 535 279 30 921 336 
606 70 328 392 776 385 726 231 505 600 187 24 375 474 513 173 333 944 367 718 864 615 621 486 270 741 711 549 461 632 576 67 702 594 459 168 980 875 89 174 475 277 198 850 441 402 713 465 345 770 182 899 384 493 75 344 924 786 894 384 417 469 
451 119 753 601 978 732 475 66 597 640 343 795 179 475 887 892 940 922 662 121 821 736 304 896 80 227 681 974 611 789 132 753 598 885 353 575 307 828 331 904 468 675 388 647 840 966 229 779 887 581 590 397 316 894 292 396 120 664 59 421 142 882 
173 740 457 526 4 454 44 335 47 202 700 435 539 539 400 768 7 978 38 287 374 355 180 357 441 991 711 501 102 543 72 275 973 529 492 977 983 226 1 29 428 392 155 657 931 245 425 629 913 463 916 978 508 787 24 950 777 425 140 569 968 212 
535 940 432 26 606 104 943 607 825 60 999 980 717 620 915 141 939 518 295 854 495 493 640 519 442 107 944 272 366 601 485 901 540 607 617 836 711 559 132 535 619 131 204 336 441 810 167 379 327 152 923 822 646 253 30 778 50 664 50 416 264 225 
317 494 832 934 329 232 493 461 768 802 282 662 137 413 471 996 792 798 147 405 309 483 658 339 952 708 2 692 123 266 917 130 450 438 64 779 360 247 931 818 48 903 480 877 316 951 562 798 439 709 202 748 883 860 87 834 257 780 525 71 46 131 
201 496 259 956 966 619 202 586 437 942 488 917 508 494 557 69 292 686 468 494 434 350 354 211 874 301 991 88 372 727 219 574 914 478 529 569 788 422 154 224 363 332 831 871 827 387 630 118 764 97 612 197 138 656 98 11 958 88 100 329 816 9 
593 419 178 813 988 966 234 832 189 287 163 710 848 990 96 477 798 550 264 100 747 402 756 845 104 403 624 895 423 129 904 15 548 81 828 225 737 61 56 926 38 219 635 886 900 422 362 387 662 627 487 409 719 934 944 823 336 257 717 759 386 311 
775 624 82 292 849 820 44 905 435 82 124 761 969 714 873 20 100 534 337 588 633 747 211 577 569 547 524 977 306 911 978 771 534 59 62 73 569 106 978 695 880 792 455 538 195 327 558 296 551 586 574 184 332 785 451 591 21 975 257 327 575 234 
788 800 985 851 873 243 647 540 938 216 332 82 754 527 99 2 513 651 588 777 835 610 251 976 200 273 950 148 600 525 72 78 14 747 619 887 991 956 426 618 172 448 701 926 666 800 928 178 140 205 956 665 815 897 640 706 169 280 544 460 495 616 
538 509 363 156 85 43 111 511 351 974 650 51 900 315 542 517 493 372 413 138 37 918 35 677 623 204 957 166 354 141 473 892 650 836 738 735 569 850 937 920 513 586 662 412 901 894 620 83 265 723 222 302 640 948 670 263 842 316 119 196 458 592 
778 798 117 516 533 686 55 469 296 568 745 958 671 645 851 981 728 806 703 640 799 342 587 468 605 119 474 415 5 932 6 783 420 815 298 953 500 353 111 796 612 546 443 282 190 293 262 608 790 965 248 588 997 525 55 602 644 219 707 649 842 403 
122 261 217 420 904 408 464 14 203 766 560 647 47 440 630 1000 47 109 654 986 697 650 511 442 942 845 662 648 184 503 51 306 454 959 416 357 366 570 61 260 335 311 597 72 751 917 71 488 26 725 474 723 65 675 856 6 519 207 655 393 400 396 
389 854 44 806 210 411 65 271 671 401 582 267 473 22 874 235 510 900 650 984 313 715 348 168 722 868 375 66 951 465 152 340 318 196 145 528 297 210 799 968 301 70 925 465 92 799 700 602 388 349 276 701 755 624 559 476 181 624 232 132 88 384 
20
22 19 9 33
30 41 12 6
13 43 22 15
13 33 22 3
14 32 15 30
34 50 8 13
42 29 2 25
4 23 13 2
38 9 7 17
1 52 4 11
10 7 11 47
19 38 15 10
16 56 7 1
25 36 16 6
6 8 30 30
27 4 17 58
22 4 20 24
19 45 23 17
6 34 23 17
21 45 8 8
